100
1 7 32
1 9 87
1 19 22
1 24 21
1 33 86
1 42 47
1 52 23
1 54 32
1 71 65
1 77 57
1 97 4
2 6 9
2 9 37
2 16 67
2 22 81
2 69 87
2 82 18
2 100 57
3 5 61
3 40 98
3 50 73
3 54 74
3 64 59
3 65 64
3 73 93
3 83 9
4 12 55
4 21 96
4 23 35
4 61 92
5 16 16
5 22 66
5 33 36
5 89 75
5 90 53
6 9 20
6 19 56
6 74 18
6 84 7
6 95 57
7 18 19
7 20 22
7 24 96
7 28 69
7 30 61
7 58 96
8 32 73
8 48 94
8 57 47
8 81 39
9 14 48
9 15 64
9 29 91
9 80 24
10 21 8
10 27 63
10 28 99
10 49 10
10 78 34
10 93 97
11 13 35
11 26 42
11 47 43
12 26 5
12 41 36
12 64 18
13 33 39
13 35 18
13 36 97
13 71 75
13 77 62
14 39 19
14 77 58
14 87 17
15 23 56
15 49 50
15 83 42
16 28 92
16 53 86
16 74 91
17 48 36
17 53 22
17 60 59
17 63 99
17 95 93
18 26 66
18 33 40
18 41 85
18 47 91
18 56 46
18 59 46
18 76 19
19 45 1
20 31 71
20 32 88
20 77 51
20 98 31
21 65 23
21 67 18
21 86 2
22 33 95
22 55 26
22 84 41
22 91 13
23 38 17
23 69 64
23 82 88
24 34 79
24 37 17
24 38 74
24 42 30
24 53 82
25 38 32
25 39 42
25 72 37
26 45 41
26 57 43
27 65 55
27 71 55
27 83 50
28 34 87
28 45 20
29 36 37
29 92 16
29 97 41
30 53 41
30 80 25
31 58 91
32 48 63
32 56 42
33 66 33
34 41 59
34 89 47
34 100 44
35 52 68
35 54 83
36 42 44
36 59 97
36 94 94
37 38 59
37 48 61
37 53 35
37 71 26
37 92 77
38 52 52
38 74 89
38 88 65
38 99 6
39 100 73
40 52 95
40 97 9
41 59 60
41 73 61
43 53 22
43 68 64
44 66 67
44 82 10
44 86 28
45 49 96
45 68 80
45 73 15
45 91 71
45 93 32
46 70 88
46 78 64
46 83 63
46 85 82
46 93 65
47 78 71
47 81 18
47 96 6
48 78 97
48 98 86
48 99 48
49 54 46
49 57 18
50 73 67
50 77 5
50 78 60
50 81 27
50 99 95
51 76 9
51 92 32
52 54 33
52 58 19
52 84 35
53 82 44
54 60 55
54 93 93
54 94 71
57 60 40
57 67 80
57 83 50
57 93 75
58 62 58
58 68 50
59 75 88
59 81 77
59 87 9
60 80 37
61 88 78
62 98 67
63 67 80
63 83 36
66 95 59
67 85 90
67 88 12
68 92 73
68 93 13
69 95 38
70 85 33
70 91 23
71 98 24
73 97 83
74 83 80
74 99 31
75 90 32
75 100 52
77 98 9
78 96 76
79 86 41
80 93 77
80 94 74
81 95 83
82 96 30
83 97 10
83 100 88
84 88 46
85 95 59
86 96 44
93 94 77
95 96 76
