1000
1 424 25
1 762 10
1 176 55
2 148 85
2 631 88
2 503 42
2 31 13
2 683 11
3 796 10
3 812 93
3 545 61
3 560 9
3 515 19
3 861 54
3 218 30
4 513 49
4 162 91
4 583 8
4 853 75
4 131 16
4 829 55
5 848 66
5 12 32
5 243 62
5 763 18
5 157 53
6 573 6
7 714 30
7 144 39
7 551 1
7 137 83
7 837 49
7 555 19
8 918 35
8 885 81
9 824 76
9 951 84
9 912 13
9 242 34
10 490 71
10 712 62
10 750 24
10 504 69
10 45 49
10 853 57
10 818 50
10 868 51
11 334 52
11 137 90
11 509 70
12 885 57
12 612 4
12 320 59
13 938 89
13 904 36
13 534 57
13 114 23
13 305 65
13 411 96
13 450 5
13 522 89
13 506 48
13 358 34
14 992 68
14 230 14
14 162 21
14 37 96
14 904 5
14 511 41
14 505 20
14 61 87
14 544 23
15 359 20
15 799 2
15 997 19
15 727 31
15 631 87
16 450 99
16 133 55
16 642 62
16 478 92
17 440 92
17 595 14
18 301 24
18 598 53
19 308 8
19 200 46
19 481 77
19 527 69
19 995 83
19 369 80
19 722 85
19 497 55
19 473 59
19 180 31
20 667 100
20 620 4
20 237 11
20 216 93
20 927 86
20 139 50
20 320 49
20 37 15
20 584 49
20 200 63
21 592 52
21 424 10
21 270 73
21 765 82
21 536 48
21 74 11
21 838 24
21 509 19
21 722 88
22 674 77
22 663 97
22 427 43
22 86 89
22 851 51
22 844 56
22 551 59
22 261 76
22 737 71
22 77 73
23 471 82
23 536 83
23 653 21
23 698 14
24 661 62
24 530 76
24 680 60
24 290 48
24 274 57
24 583 12
24 40 28
24 546 42
24 419 61
24 620 36
25 753 98
25 516 64
26 515 65
26 41 1
26 257 56
26 411 77
27 443 84
27 115 44
27 344 83
27 73 51
27 856 75
27 382 69
27 650 49
27 452 24
28 397 25
28 112 53
28 324 75
28 540 65
28 696 41
29 684 3
29 625 81
29 459 94
30 323 8
30 461 96
31 388 27
31 502 29
31 434 63
31 184 9
31 821 64
32 106 93
32 485 86
32 470 40
32 108 89
32 253 96
32 596 56
32 842 9
33 846 79
33 489 41
33 962 20
33 954 66
33 570 45
33 881 10
33 13 24
33 948 93
34 487 78
34 129 81
34 258 97
34 831 22
34 142 81
34 587 47
34 925 58
35 208 77
35 829 58
36 25 61
36 984 47
36 745 76
36 208 7
37 601 50
37 714 91
38 681 37
38 663 71
39 598 1
39 819 17
39 771 86
39 241 14
39 522 34
39 734 62
39 641 53
39 300 27
40 274 79
40 761 18
40 465 26
40 951 94
40 406 56
40 383 46
40 955 79
40 386 1
40 123 55
40 779 27
41 711 67
41 439 77
41 315 85
41 346 5
42 50 12
42 406 27
42 576 65
42 825 33
43 631 50
43 838 40
43 242 26
43 543 38
43 398 86
43 128 65
43 44 82
43 7 30
44 194 57
44 598 28
44 715 99
44 677 15
44 474 26
44 830 12
44 243 60
45 315 94
45 193 69
45 398 66
45 195 21
45 752 69
45 233 51
45 49 36
45 721 58
45 214 98
46 503 92
46 678 77
46 909 44
46 161 37
46 395 25
46 255 50
47 429 60
47 88 2
47 768 42
48 616 74
48 418 87
48 565 53
48 947 66
48 564 9
48 433 91
49 689 50
49 765 98
49 855 25
49 452 32
49 774 41
49 474 30
49 335 89
49 302 12
49 517 51
49 131 98
50 328 85
50 186 8
50 940 38
51 798 83
51 90 14
51 918 85
51 403 4
51 989 2
51 615 39
51 601 16
51 746 88
51 212 69
52 572 44
52 425 46
52 280 5
52 892 70
52 403 58
53 38 8
53 682 23
53 422 34
53 140 90
54 134 72
54 654 13
54 481 5
54 37 57
54 138 26
54 60 21
55 984 59
55 803 55
55 647 67
55 352 36
55 807 60
56 391 1
56 256 6
56 610 20
56 697 73
56 550 47
56 32 49
56 869 25
56 144 90
57 794 35
57 873 34
57 315 51
58 873 17
58 234 70
58 190 12
58 799 31
58 113 66
58 872 50
58 402 58
58 826 35
58 332 27
59 925 88
60 312 55
60 946 84
61 935 61
61 186 31
61 40 47
61 940 98
61 421 32
61 829 45
62 708 48
62 46 51
62 704 10
62 234 36
62 745 69
62 461 16
62 625 28
62 70 26
62 885 97
63 459 53
63 412 47
63 130 5
64 145 9
64 845 69
65 823 35
65 142 92
65 755 83
65 860 81
65 903 22
65 888 7
66 976 78
66 583 90
67 884 72
67 34 67
67 203 16
67 461 8
67 719 18
67 738 48
67 160 81
68 165 40
68 108 28
68 218 42
68 732 72
68 442 64
69 281 18
69 943 31
69 880 95
69 992 26
69 822 52
69 815 49
70 961 76
70 655 95
70 944 49
70 285 44
70 78 69
70 686 26
71 673 61
71 223 73
72 166 30
73 82 45
73 338 89
73 436 68
74 22 98
74 176 25
74 205 65
74 451 57
75 260 4
75 654 84
76 623 99
76 637 84
76 917 57
76 29 9
76 38 29
76 844 18
77 730 13
77 502 76
77 280 78
77 949 77
77 556 35
77 875 73
77 437 79
77 882 43
78 38 71
78 695 60
79 546 48
79 831 63
79 506 16
79 221 10
79 275 26
79 210 11
79 926 38
79 295 91
80 984 22
80 915 78
80 54 38
80 136 4
80 443 19
80 371 79
80 1000 33
80 471 73
81 297 37
81 798 32
81 26 35
81 190 36
81 837 7
81 555 37
82 644 20
82 561 68
82 110 56
82 789 16
83 722 88
83 383 42
84 648 49
85 573 76
86 145 74
86 289 2
86 135 92
87 928 63
87 422 69
87 224 2
87 183 99
87 933 88
87 902 8
87 951 27
87 170 44
88 479 88
88 540 72
88 285 88
88 829 12
89 139 20
89 840 7
89 880 4
89 998 72
89 243 19
89 921 34
89 153 28
90 594 53
90 112 68
90 263 20
91 890 31
91 698 14
91 140 62
91 773 8
92 286 87
93 879 16
93 845 37
93 863 7
93 990 48
93 674 29
93 796 75
93 701 51
93 157 51
93 201 66
93 242 67
94 386 100
95 859 13
95 277 78
95 324 22
95 923 35
95 73 17
95 24 23
95 383 64
95 640 61
96 358 15
96 173 30
96 542 75
97 917 27
97 885 51
97 695 59
97 75 42
97 819 1
98 365 92
98 29 2
98 504 68
98 214 10
98 702 11
98 388 84
99 648 48
99 79 44
99 41 60
99 680 59
99 970 13
99 694 19
99 435 76
99 103 75
100 25 95
100 648 52
100 984 46
100 438 7
100 219 5
100 381 25
100 847 18
100 80 38
101 969 47
102 743 12
102 923 61
102 917 37
102 511 20
102 978 33
102 20 62
102 124 62
102 546 73
103 87 1
103 148 50
103 183 26
103 778 50
103 686 12
103 508 34
104 828 37
104 968 1
104 778 77
104 50 19
104 799 62
105 779 88
105 611 59
105 979 82
105 319 67
105 52 39
105 225 23
105 711 37
105 694 45
105 2 48
106 616 85
106 569 96
106 330 11
106 325 43
106 678 6
106 353 33
106 754 89
106 560 55
106 113 65
106 183 100
107 640 14
107 839 34
107 317 80
108 82 17
109 614 94
109 662 96
109 417 69
109 268 48
109 573 55
110 153 77
110 432 78
110 132 54
110 723 98
110 894 70
110 280 72
110 732 84
110 918 12
110 219 81
111 343 72
111 79 69
111 628 87
111 124 17
112 774 19
112 100 79
112 492 28
112 630 43
112 83 60
112 280 90
112 888 8
112 464 72
112 456 21
113 826 73
113 451 32
113 379 18
113 334 24
113 729 32
114 698 20
114 247 79
114 651 48
114 631 28
115 478 38
115 463 55
115 982 22
115 888 49
115 309 92
115 67 3
116 915 51
116 35 26
116 579 67
116 955 13
116 430 77
116 758 43
116 802 58
116 766 50
117 85 47
117 344 20
117 879 52
117 975 42
117 892 26
117 465 50
118 914 88
118 663 95
118 32 85
118 111 49
118 490 91
118 347 2
118 30 49
118 576 8
119 358 52
119 379 85
119 144 99
119 725 90
119 185 64
119 589 39
120 636 34
120 206 88
120 51 69
120 801 1
120 367 11
120 470 46
120 742 2
121 154 54
121 953 15
121 170 93
121 698 79
121 450 12
121 235 49
122 85 5
122 500 85
122 450 18
122 67 3
122 654 56
122 947 66
122 342 36
123 503 4
123 763 33
123 16 98
123 88 24
123 282 10
123 640 74
123 921 49
123 793 4
124 441 98
124 19 39
124 928 52
125 440 9
125 692 99
125 329 33
125 421 4
125 986 27
125 16 86
125 406 10
125 196 27
126 308 37
127 36 22
127 228 35
127 973 30
127 638 4
127 790 3
127 4 48
127 722 59
127 577 95
127 29 16
127 316 38
128 388 99
128 57 86
128 464 5
128 193 94
128 821 73
128 95 58
128 738 14
128 160 51
128 606 32
128 881 67
129 503 15
129 12 61
129 228 48
130 457 69
130 824 35
130 403 37
130 957 52
130 584 83
130 542 63
130 300 1
130 749 37
130 595 98
131 148 67
131 264 50
131 650 52
131 415 23
131 326 79
131 185 86
131 378 84
132 53 86
132 299 29
132 873 82
133 679 28
133 512 59
133 507 76
133 795 39
134 810 39
134 423 36
134 430 2
134 636 56
135 9 85
135 149 88
136 174 19
136 252 13
137 235 12
137 607 62
138 381 26
138 37 58
138 134 55
138 980 34
138 575 96
138 339 32
138 259 29
138 283 64
139 895 67
139 265 74
139 224 6
139 726 2
139 307 70
139 12 71
139 799 57
139 762 69
139 150 4
140 359 47
140 639 59
140 654 91
140 88 39
140 202 43
140 935 60
140 874 50
140 700 40
140 391 27
140 296 23
141 164 2
141 997 63
142 564 67
142 402 65
143 992 96
143 599 30
143 496 8
143 632 36
143 402 44
143 641 37
144 65 99
145 807 42
145 703 76
146 556 40
146 422 19
146 637 95
146 725 87
146 190 48
146 188 52
147 468 76
147 451 84
147 732 63
147 676 89
147 716 67
147 566 69
147 285 51
147 32 54
147 728 83
147 170 81
148 922 18
148 186 67
148 484 66
148 430 50
148 701 22
148 187 67
148 126 67
148 41 95
149 129 87
149 527 65
149 576 23
149 457 25
149 133 45
149 33 17
149 493 100
149 395 47
149 328 61
150 203 85
150 474 94
150 744 13
150 284 100
150 163 66
150 824 86
150 274 19
151 648 47
151 656 23
151 88 46
151 726 65
151 508 63
151 822 4
151 215 84
151 443 91
151 532 71
151 69 83
152 88 73
152 195 54
153 641 1
153 810 47
153 592 2
153 598 48
154 752 65
154 477 69
154 401 65
154 665 50
154 429 93
154 177 100
154 84 96
154 633 50
155 762 25
155 419 93
155 423 14
155 544 75
155 839 95
155 283 56
155 265 50
155 771 9
155 745 49
155 948 28
156 163 95
156 496 15
156 680 43
156 475 9
156 873 1
156 896 32
156 542 38
156 89 82
157 444 28
157 179 21
157 497 56
158 533 79
158 123 53
158 712 20
158 683 72
158 3 33
159 103 19
159 104 70
159 864 96
159 283 11
159 731 91
159 658 59
159 137 15
159 239 10
160 623 95
161 22 53
161 837 43
161 197 50
161 36 77
161 340 40
161 34 80
161 141 9
162 214 68
162 149 26
162 789 3
162 939 30
162 108 49
163 956 9
163 201 41
163 350 49
163 577 24
163 336 59
163 560 9
163 84 22
163 812 30
164 645 43
164 54 26
164 487 44
164 557 73
165 473 92
165 731 80
166 865 81
166 311 8
166 40 70
166 710 21
166 962 78
166 575 5
167 311 29
167 405 21
167 575 76
167 765 2
167 291 90
167 484 43
167 153 37
167 470 56
168 214 78
168 498 75
168 86 62
168 581 14
168 612 33
169 889 4
169 697 61
169 432 89
169 306 29
169 775 81
169 296 39
169 32 65
170 332 40
170 478 53
170 561 78
170 938 49
170 373 71
170 551 87
171 449 70
172 564 18
172 775 40
172 933 30
173 288 71
173 367 78
173 954 71
173 258 87
173 818 16
173 56 96
173 896 96
173 672 71
174 928 76
174 981 36
174 672 42
174 230 70
174 863 17
174 204 95
174 207 32
175 838 97
175 563 16
175 327 14
175 626 74
175 488 43
176 890 82
176 471 15
176 84 36
176 780 81
176 695 58
176 659 60
176 601 74
176 259 87
177 95 77
177 447 96
177 448 98
177 493 82
177 276 71
177 570 14
177 355 13
177 996 84
178 603 97
179 856 69
179 390 76
180 883 78
180 840 3
180 62 47
180 123 12
180 211 48
181 933 87
182 550 27
182 930 13
182 23 3
182 233 38
182 796 44
182 824 68
182 65 55
182 835 41
182 469 85
183 272 99
183 949 80
183 488 6
183 735 18
183 487 49
184 214 16
184 409 54
184 27 14
184 902 4
184 678 89
185 412 43
185 140 63
185 807 94
185 254 17
185 762 85
185 738 40
185 637 45
185 374 32
186 818 65
186 305 1
187 938 26
187 396 96
187 146 85
188 724 35
188 391 9
188 213 36
188 337 1
188 147 38
188 887 47
188 493 64
188 987 77
188 896 41
188 983 84
189 641 43
189 36 84
189 906 61
189 469 80
189 862 6
189 692 42
189 831 73
189 326 97
190 160 36
190 731 40
191 664 18
191 766 54
191 701 67
191 121 54
191 629 88
191 757 64
191 761 18
191 572 48
191 905 41
192 301 71
192 636 33
192 498 37
193 182 97
193 708 28
193 814 77
193 185 39
193 472 4
193 984 31
193 225 9
194 416 7
194 648 57
194 996 60
194 903 63
194 890 57
195 860 56
195 471 43
195 12 67
196 537 27
196 837 54
196 133 74
196 381 45
196 839 34
197 947 80
198 957 75
199 294 63
199 320 92
199 681 63
199 566 12
200 519 33
200 797 8
200 951 61
200 463 49
200 141 87
200 957 14
200 407 74
200 564 100
200 879 70
201 863 86
201 97 52
202 831 24
202 592 54
202 210 27
203 681 34
203 410 100
204 671 48
204 646 66
205 470 75
205 85 57
205 312 82
205 351 34
206 730 89
206 33 11
207 549 27
207 383 78
207 643 96
207 556 28
207 654 35
207 219 74
207 677 48
207 518 26
207 376 18
207 295 24
208 494 16
208 13 3
208 993 61
208 354 79
208 471 41
208 291 71
208 656 58
208 639 13
208 338 96
209 757 53
209 191 22
210 353 44
210 586 85
210 78 15
211 167 71
211 174 45
211 77 12
211 878 20
211 745 58
211 475 17
211 693 82
211 773 44
211 415 2
212 724 86
212 247 76
212 536 49
212 349 75
212 934 7
213 195 1
213 667 88
213 59 67
214 339 19
214 730 71
214 518 47
214 835 71
214 343 88
214 597 89
214 426 26
214 51 11
214 896 71
214 910 46
215 288 53
215 450 16
215 70 1
215 814 18
215 715 61
215 140 8
215 627 29
215 68 33
216 665 77
216 723 10
216 535 89
216 49 60
216 21 16
216 403 59
216 772 74
216 125 52
217 903 38
217 774 16
217 404 78
218 85 39
218 280 78
219 393 45
219 55 65
219 941 59
219 402 63
219 856 29
219 877 90
220 805 74
220 706 58
221 917 12
222 3 14
222 380 78
222 425 19
222 874 46
222 182 44
223 57 94
223 475 82
223 893 36
223 366 28
223 441 7
223 910 29
223 749 91
224 626 36
224 307 91
224 289 86
224 437 22
224 228 1
224 309 55
224 133 63
225 323 77
225 201 30
225 301 85
225 120 38
225 399 99
226 222 28
226 773 8
227 381 37
227 169 35
227 447 17
227 192 100
227 106 32
227 129 29
227 1000 4
228 514 65
228 838 65
228 39 22
228 321 31
228 981 64
228 398 99
228 996 53
228 675 53
229 933 100
229 468 36
229 84 85
229 630 5
229 651 44
229 956 27
229 488 47
229 149 46
230 932 9
230 77 91
230 88 24
230 78 16
230 161 68
230 726 75
230 379 98
230 17 75
231 806 29
232 274 87
232 153 67
232 104 55
232 815 24
233 566 87
233 190 43
233 14 52
233 159 95
233 558 79
233 603 43
233 381 72
233 374 65
233 21 100
233 860 50
234 829 81
234 82 52
234 150 53
234 102 59
234 863 34
234 27 72
234 573 95
234 342 78
234 528 31
235 571 4
235 658 93
235 467 80
236 541 77
236 209 66
236 61 21
236 871 58
236 812 28
236 46 2
237 730 100
237 61 81
237 88 29
237 136 60
237 601 11
237 650 99
237 238 61
238 896 89
238 386 84
238 393 71
238 708 79
238 698 97
238 103 15
238 764 45
238 109 84
238 191 70
239 307 64
239 717 84
239 354 57
239 681 2
240 609 9
240 895 73
240 257 77
241 500 64
241 844 57
241 612 90
241 47 96
241 471 66
242 471 61
242 338 75
242 233 79
242 539 7
242 50 60
242 102 84
242 783 51
242 601 37
243 710 30
243 769 48
243 5 53
243 644 82
243 116 78
243 896 71
243 520 92
244 726 28
245 869 79
245 973 44
245 649 44
245 855 52
245 999 28
246 438 33
246 625 60
246 948 40
246 151 68
247 126 29
247 211 78
247 718 98
247 834 13
247 497 71
247 39 100
247 796 53
247 464 69
247 364 22
247 462 72
248 78 100
248 670 22
248 358 29
248 747 28
248 471 7
249 969 1
249 836 11
249 527 68
250 675 93
250 40 41
250 985 11
251 292 30
251 381 25
251 507 97
251 773 28
252 241 56
252 755 2
252 462 43
252 499 76
252 724 26
252 102 97
252 494 30
252 401 56
252 778 11
252 949 59
253 293 44
253 897 95
253 406 47
253 995 83
253 663 57
253 123 100
253 427 41
253 146 83
253 917 10
253 63 14
254 807 44
254 609 31
254 723 61
254 595 61
254 536 42
254 259 12
255 582 16
255 188 57
255 332 45
255 424 90
255 741 92
255 641 96
255 563 47
256 760 45
256 100 30
256 834 62
256 134 81
256 306 6
256 417 50
256 696 21
256 359 69
256 736 79
256 308 13
257 618 37
257 588 47
257 974 13
257 581 61
257 692 83
257 811 89
257 956 12
258 130 80
258 472 7
258 104 9
258 305 50
258 588 16
258 153 77
258 610 15
258 758 29
258 561 76
258 634 57
259 128 73
259 400 88
259 900 25
259 998 42
260 146 61
260 813 45
260 898 60
260 68 87
260 552 11
260 952 76
260 735 67
261 816 4
261 416 12
261 963 27
261 910 73
261 863 75
262 996 78
262 717 2
262 456 32
262 920 97
262 95 98
262 391 67
262 947 94
262 132 88
262 781 10
263 160 18
264 60 21
264 523 58
264 714 36
264 179 32
264 954 44
264 579 44
264 418 62
265 717 71
265 694 27
265 761 54
265 149 15
265 365 18
265 947 92
265 612 64
265 238 94
265 676 14
265 571 40
266 390 47
266 40 86
266 32 79
266 926 2
266 481 75
266 376 68
267 231 22
267 148 29
268 806 41
268 505 17
268 320 13
268 854 93
268 501 57
268 624 94
268 924 58
268 78 40
268 439 41
268 359 99
269 340 56
269 161 53
269 714 48
269 745 97
269 475 88
269 8 1
269 2 16
269 200 46
269 85 6
270 713 45
270 42 31
270 137 5
270 766 66
270 806 9
270 977 48
270 940 93
270 568 22
271 336 46
272 986 44
272 133 78
272 61 41
272 643 42
272 46 85
272 722 90
272 20 43
272 562 21
273 848 98
273 912 17
273 54 4
273 98 8
273 133 10
273 332 59
273 479 29
273 12 73
273 406 1
274 169 58
274 312 80
274 38 45
274 552 73
274 885 18
274 285 88
274 327 73
274 431 7
274 283 18
274 108 3
275 912 74
275 544 30
275 371 27
275 950 17
275 505 43
276 34 4
276 870 81
276 941 81
276 322 43
277 762 27
277 226 88
277 388 44
277 552 74
277 709 67
277 280 55
277 28 74
277 533 70
278 853 87
278 476 16
278 793 48
278 534 96
278 808 88
278 104 44
279 282 6
279 944 70
279 191 60
279 766 50
279 573 75
279 74 30
279 69 25
279 396 71
279 728 35
280 625 63
280 238 44
280 905 39
280 19 94
280 985 99
280 167 27
280 4 10
280 388 86
281 883 54
281 95 98
281 90 84
281 364 94
281 393 47
282 167 77
282 844 37
282 991 34
283 751 44
284 479 37
284 968 43
285 775 80
285 110 86
285 684 48
285 858 86
285 353 64
286 88 71
286 658 61
286 222 62
286 580 6
286 42 90
286 381 34
286 291 95
287 31 91
287 377 85
287 683 37
287 627 15
287 293 4
287 245 100
288 767 96
288 546 57
288 670 24
288 849 49
288 482 88
288 560 90
288 63 58
288 193 22
288 506 16
289 398 69
289 258 57
289 106 39
289 290 76
289 939 27
289 814 70
289 608 15
289 152 53
290 260 65
290 897 9
290 871 90
290 672 54
290 75 71
290 245 72
290 640 17
290 815 17
290 266 44
290 506 41
291 640 26
292 187 78
292 672 40
292 27 14
292 314 87
292 779 55
292 983 81
292 456 94
292 633 95
292 617 74
292 852 50
293 722 80
293 283 4
293 491 65
293 137 89
293 90 97
293 75 68
293 768 44
293 837 82
294 426 82
294 260 63
294 57 14
294 692 56
294 32 94
294 275 74
294 928 90
294 483 22
294 587 85
295 306 90
295 361 11
295 418 24
295 70 46
295 137 22
295 166 68
295 31 26
295 267 92
295 508 74
295 165 69
296 932 36
297 624 77
297 505 4
298 228 11
299 129 98
299 163 9
299 42 78
299 49 21
299 214 32
299 659 18
299 904 83
299 51 51
299 211 7
299 869 7
300 143 19
300 76 82
300 884 79
300 924 2
301 617 5
301 175 44
301 514 100
301 11 66
301 710 36
301 499 69
302 465 44
303 421 57
303 185 4
303 439 10
303 98 35
303 420 80
303 31 2
303 619 34
303 864 36
303 127 36
304 299 42
304 883 66
304 113 32
304 659 86
304 913 7
304 736 54
305 495 22
305 288 96
305 332 54
305 916 54
305 599 1
305 202 15
305 155 73
305 911 56
306 234 77
306 181 51
306 958 50
307 777 58
307 310 7
307 383 60
307 616 22
307 75 21
307 618 18
307 906 25
307 353 92
307 710 44
308 487 18
308 874 25
308 142 48
308 554 48
308 846 54
309 311 75
309 145 29
309 900 37
309 567 92
310 87 35
310 199 1
310 136 48
310 510 41
310 124 29
311 864 65
311 993 47
312 860 75
312 812 43
312 698 93
312 229 2
312 919 96
312 991 6
312 145 10
312 717 22
313 985 43
313 227 31
313 949 91
313 409 56
313 681 93
313 780 99
314 838 10
314 348 92
314 622 28
314 818 8
314 300 85
314 308 47
314 265 69
314 976 65
314 434 95
314 972 82
315 703 19
315 47 50
315 19 61
315 98 18
315 589 19
315 462 77
316 800 50
317 839 19
317 473 17
317 676 3
317 670 66
317 645 90
317 720 92
318 52 10
318 990 91
318 398 86
318 144 73
318 329 82
319 746 18
319 16 51
319 24 20
319 798 8
319 80 74
320 167 3
320 612 96
320 720 94
320 623 86
320 504 10
320 655 19
320 65 25
320 844 36
320 681 12
320 512 7
321 86 6
321 668 53
321 782 16
321 841 97
321 799 74
321 835 25
321 901 77
321 753 83
321 393 51
322 373 46
322 110 75
322 870 46
322 830 62
322 743 26
322 344 82
322 914 12
322 218 74
322 131 48
322 601 33
323 196 78
323 331 94
323 847 83
323 492 2
324 611 90
324 157 7
324 97 26
324 189 17
324 361 27
324 618 22
324 524 13
325 435 90
325 238 25
325 127 32
325 884 19
325 33 32
325 974 92
325 292 51
326 618 97
326 487 53
326 400 69
326 684 19
326 999 85
326 558 62
326 991 30
326 805 73
326 644 47
326 232 51
327 134 68
327 367 95
327 713 41
327 156 66
328 720 32
328 59 21
328 79 73
328 225 74
328 301 22
328 679 21
328 339 7
329 652 63
329 697 88
329 111 93
329 361 55
329 951 5
329 231 34
329 48 42
329 91 18
329 745 82
329 506 10
330 273 21
330 575 100
330 409 34
330 517 96
331 204 93
331 859 73
331 90 92
331 485 10
331 869 99
331 453 36
331 779 84
332 192 41
332 867 59
332 649 28
332 507 89
332 31 78
332 350 60
332 380 29
332 424 36
332 841 73
333 756 86
333 938 13
333 337 14
333 418 10
333 939 30
333 666 84
333 183 93
334 303 14
334 15 86
334 450 29
334 825 50
334 960 26
334 81 86
334 516 80
335 612 17
335 885 28
335 903 59
335 969 38
335 25 49
335 511 29
335 971 4
335 797 28
335 29 23
336 278 55
336 712 88
337 388 42
337 810 77
337 78 18
337 358 33
337 819 94
337 40 31
337 729 5
338 524 71
338 345 90
338 812 32
338 724 66
338 734 52
339 685 81
339 190 30
340 761 57
340 407 57
340 592 75
340 428 91
340 68 71
340 297 93
340 142 77
340 542 91
341 618 33
341 206 87
341 345 31
341 882 52
341 916 93
341 580 92
341 17 26
341 468 31
341 743 33
341 771 61
342 234 49
342 391 50
342 289 60
342 138 4
342 417 35
342 880 23
343 440 37
343 733 79
343 995 24
343 295 3
343 375 84
343 64 44
343 541 15
344 512 84
344 539 53
344 65 48
344 836 77
344 98 29
344 449 82
344 912 66
344 958 40
345 485 44
345 101 73
345 4 58
346 625 56
346 513 53
346 849 82
346 610 90
346 822 62
346 508 58
346 33 17
346 119 92
346 137 22
347 293 38
347 419 55
347 865 23
347 323 69
347 690 67
347 148 51
347 491 31
348 608 4
348 605 76
348 526 1
348 607 32
348 949 75
348 56 44
348 486 79
348 751 42
348 932 10
348 92 28
349 636 66
349 588 81
349 994 17
350 333 18
350 230 42
350 452 2
351 380 35
351 578 94
351 239 40
351 648 32
351 773 98
351 662 54
351 362 3
351 164 10
351 859 7
351 113 53
352 213 46
352 734 48
352 135 88
352 447 81
352 400 49
352 837 34
352 642 42
353 839 55
353 261 52
354 643 85
354 343 36
354 919 26
355 129 11
356 34 66
356 223 81
356 796 64
357 917 50
357 382 56
357 94 67
357 36 50
357 961 59
357 337 26
357 184 4
357 70 63
357 348 84
357 600 89
358 1 8
358 198 66
358 527 82
358 157 87
358 812 75
358 150 61
358 371 81
359 243 51
360 161 4
360 429 37
360 238 33
360 637 52
360 917 40
360 164 50
360 15 13
360 330 26
360 177 14
361 704 87
361 673 10
361 273 21
362 701 18
362 166 83
362 313 98
363 273 37
363 222 26
363 5 38
363 104 15
363 754 89
363 863 60
363 768 98
363 707 25
364 400 23
364 353 37
364 942 71
365 317 56
365 811 73
365 213 78
365 992 56
365 155 54
365 945 8
365 496 35
365 181 34
365 513 54
366 149 8
366 403 36
366 600 57
366 450 57
366 845 76
366 654 14
367 262 17
367 100 67
367 663 44
368 232 52
368 14 73
368 237 26
368 611 85
368 549 91
368 903 79
368 387 17
368 28 25
368 359 83
369 269 100
369 730 94
370 65 93
370 631 11
370 670 68
370 336 35
370 466 5
371 593 73
371 723 45
371 195 99
371 112 69
372 15 10
372 777 8
372 55 11
372 703 54
372 736 91
372 972 10
372 868 87
372 581 11
372 722 15
373 91 45
373 928 48
373 673 72
373 766 49
373 628 44
373 888 11
373 983 56
374 249 37
374 876 1
374 396 32
374 471 4
374 480 22
375 503 42
375 49 92
375 107 15
375 709 61
375 556 63
375 394 30
375 202 53
376 56 90
376 236 89
376 855 98
377 104 80
377 325 52
377 522 43
378 982 55
378 267 64
378 195 83
378 256 13
378 124 26
378 675 60
379 74 53
379 728 53
379 391 60
379 197 84
379 941 63
379 231 47
379 538 61
379 256 26
379 281 21
379 732 48
380 578 67
380 168 91
380 677 76
380 767 98
380 115 58
380 460 79
381 439 73
382 141 6
382 742 83
382 308 56
382 730 28
383 921 91
384 291 49
384 66 34
385 176 72
385 676 88
385 701 19
385 767 61
385 311 44
385 999 99
386 372 44
386 788 35
386 847 31
386 99 46
387 416 21
387 761 15
387 838 46
387 475 38
387 879 58
387 67 22
387 458 90
387 871 7
387 206 45
387 400 92
388 143 68
388 271 96
388 452 72
389 516 14
389 875 3
389 264 33
389 12 54
389 406 95
389 305 53
389 20 48
390 874 58
390 830 6
390 97 83
390 935 41
391 697 91
391 362 19
392 887 72
392 702 37
393 697 25
393 726 17
393 72 27
394 188 44
394 953 20
394 336 40
394 568 6
394 451 100
395 286 69
396 252 10
396 718 10
396 514 77
397 60 61
397 840 63
397 96 96
397 352 80
398 414 30
398 352 50
398 504 7
398 169 73
398 721 79
398 202 74
398 447 44
398 755 59
398 338 48
398 557 69
399 659 52
399 696 62
399 190 62
399 902 79
399 511 35
399 114 46
399 402 14
400 382 44
400 384 26
400 377 50
400 625 47
400 691 90
400 319 95
400 475 22
400 465 9
401 439 54
402 855 31
402 113 91
402 973 1
403 246 42
403 712 37
403 744 40
403 335 84
403 968 4
403 815 15
403 18 39
404 666 45
404 537 93
404 267 42
404 554 7
404 471 31
404 326 4
404 183 46
405 191 1
405 333 92
405 930 11
405 206 73
406 915 4
406 377 51
406 400 86
406 324 15
406 957 24
407 180 51
407 749 52
407 124 2
407 483 20
407 839 90
407 561 45
408 776 35
408 947 2
408 522 53
408 70 69
408 190 79
408 324 22
408 615 69
408 308 96
408 863 71
409 643 88
410 892 98
410 362 57
410 535 4
410 227 70
410 670 76
410 305 37
411 886 31
411 500 91
411 21 51
411 511 31
411 599 95
411 109 29
411 492 66
412 307 45
412 620 51
413 4 63
413 601 53
413 832 87
413 248 28
413 584 15
414 796 76
414 229 22
415 697 5
415 757 45
415 310 58
415 716 20
415 222 45
416 352 65
416 961 92
416 823 99
416 69 33
416 755 49
416 851 90
416 462 26
416 229 39
417 986 90
417 776 86
417 444 14
417 770 39
417 643 70
417 660 56
417 524 13
417 329 5
417 123 49
418 667 25
418 360 87
418 123 87
418 674 40
418 796 60
418 814 35
418 356 28
418 439 8
418 501 87
419 713 15
419 936 21
419 915 66
419 570 64
419 444 9
419 762 86
419 591 82
419 67 98
419 21 47
420 33 72
420 891 86
421 236 55
421 246 43
421 566 54
421 349 52
421 720 47
421 190 61
421 529 43
422 380 69
422 640 67
422 969 30
422 683 10
422 569 25
423 740 49
423 674 77
423 859 67
423 57 61
423 422 29
423 808 42
423 987 50
423 508 1
424 608 71
424 420 34
424 336 67
424 780 19
424 908 92
424 184 24
425 119 19
425 64 52
425 861 67
425 163 31
425 922 36
425 527 10
426 657 22
426 700 96
427 916 88
427 582 5
427 689 45
428 312 29
428 50 8
428 263 74
428 830 49
428 890 28
429 83 61
429 72 6
429 803 89
430 967 61
431 614 42
431 930 79
431 20 96
431 847 82
431 749 97
431 270 11
431 321 44
432 929 47
432 1000 74
432 858 67
432 25 22
432 159 7
432 597 77
432 219 64
433 102 6
433 837 9
433 519 53
433 953 11
433 353 7
433 755 58
433 973 76
433 470 26
434 882 39
434 981 40
435 595 59
435 131 3
435 662 40
436 550 73
436 255 85
436 612 22
437 464 47
437 716 27
437 801 85
438 920 65
438 849 68
439 148 83
439 54 5
439 161 44
439 225 57
439 192 53
439 182 63
440 187 25
440 83 15
440 472 57
440 195 36
440 707 38
440 217 50
441 176 94
442 512 34
442 873 12
442 920 41
442 620 33
442 520 31
442 725 68
442 538 71
442 420 27
442 795 68
443 909 70
443 768 45
443 265 31
443 1000 97
443 485 59
443 588 36
444 433 54
444 775 50
444 839 21
444 183 81
444 973 85
444 881 1
445 993 2
445 71 64
445 4 76
445 424 1
445 707 52
445 59 4
446 77 12
446 512 43
446 2 11
446 780 76
446 148 45
446 171 47
446 884 25
447 472 37
447 233 3
447 69 39
447 564 85
447 511 93
447 979 30
447 441 85
447 434 32
448 373 37
448 98 21
448 242 49
448 8 57
448 605 41
448 392 18
448 979 81
449 475 13
449 386 87
449 934 61
450 251 8
450 889 99
450 911 85
450 304 37
450 656 87
450 516 28
450 116 58
450 206 23
451 130 24
451 974 31
451 776 49
451 633 96
451 163 42
451 735 85
451 681 20
451 944 23
451 614 38
451 929 3
452 374 96
452 465 67
452 191 48
452 740 35
452 113 77
453 783 68
454 316 40
454 929 95
455 913 54
455 761 98
455 751 38
455 625 28
456 212 14
456 675 10
456 497 11
456 381 66
456 83 96
456 287 5
456 491 61
456 467 91
456 909 46
457 669 63
457 216 85
457 516 4
457 867 19
457 211 28
457 724 59
457 318 41
458 54 76
458 995 31
458 978 35
458 885 26
458 207 81
458 734 29
458 360 29
458 590 64
458 398 97
459 575 4
459 620 48
459 250 48
459 750 75
460 164 13
460 94 76
460 393 90
460 306 69
460 264 60
460 263 43
461 369 64
461 591 98
461 366 30
461 978 84
461 560 39
461 639 13
461 340 88
461 220 7
462 987 34
462 286 67
462 337 60
462 679 19
462 103 75
462 554 13
462 99 89
462 689 47
462 648 55
462 730 92
463 444 59
463 21 88
463 66 62
463 728 91
464 156 68
464 596 70
464 525 94
464 217 55
464 498 53
464 879 98
464 761 45
464 988 98
465 6 77
465 919 8
465 755 81
465 821 84
465 193 15
465 934 58
466 371 13
466 75 8
466 356 11
466 268 16
466 532 18
466 359 25
466 505 64
466 355 50
466 695 67
467 307 30
467 976 67
467 279 17
467 159 13
467 333 51
467 79 80
467 799 75
467 332 39
467 622 73
467 285 40
468 227 39
468 171 15
468 139 45
468 807 55
468 765 72
468 894 24
468 556 56
468 694 31
468 262 55
468 95 90
469 252 17
469 834 100
469 661 99
469 538 47
469 657 39
469 298 86
470 698 22
470 999 93
470 814 97
470 338 46
470 883 73
470 493 57
471 987 47
471 917 48
471 111 60
471 601 74
471 476 19
471 449 7
471 969 85
471 936 11
471 608 88
471 336 93
472 202 7
472 678 47
473 889 44
473 877 8
473 624 17
473 929 60
473 34 61
473 827 3
473 306 18
473 439 65
474 85 75
474 694 96
474 354 35
474 76 86
474 425 41
474 843 4
474 664 94
475 537 1
475 172 19
475 231 53
475 954 72
475 34 77
476 134 91
477 126 35
477 817 85
477 45 75
477 47 8
477 830 93
477 620 19
477 942 43
477 872 15
477 105 48
478 717 70
478 151 39
478 818 97
478 343 99
478 464 23
478 530 25
479 470 76
479 39 20
479 737 76
479 241 92
479 49 14
479 412 50
479 941 28
479 850 55
479 236 91
480 231 10
480 156 34
480 287 90
480 857 1
480 783 96
480 128 44
480 971 25
480 954 64
481 871 26
481 768 63
481 743 42
481 583 14
482 41 55
482 272 25
482 164 72
483 308 30
483 564 47
483 77 60
483 258 27
483 821 16
483 798 35
483 176 9
483 405 28
483 31 90
483 313 67
484 986 87
484 322 70
484 324 5
485 899 8
485 931 6
485 915 100
485 966 49
486 898 62
486 372 55
486 397 77
486 783 66
486 265 9
486 100 91
486 273 48
486 877 36
486 92 33
487 436 76
487 49 73
487 695 31
487 373 18
487 106 57
487 652 53
487 378 14
487 145 2
487 701 75
488 431 79
488 231 60
488 509 80
488 126 11
488 481 27
488 810 59
488 886 79
489 317 81
489 684 21
489 918 59
489 671 6
489 85 51
490 884 14
490 877 55
490 943 62
490 303 10
491 149 84
491 362 24
492 975 75
492 479 4
492 562 14
492 587 60
492 40 12
493 598 10
493 628 83
493 410 98
493 856 1
493 992 79
493 927 98
493 922 70
493 179 13
493 522 100
493 347 45
494 440 34
494 748 28
494 882 29
494 739 51
494 506 2
494 742 100
494 539 66
494 390 34
494 966 80
494 976 17
495 99 30
495 583 51
495 221 49
495 133 94
495 109 5
495 319 43
495 620 63
495 61 17
495 318 64
496 196 4
496 352 3
496 645 26
496 99 3
496 624 70
497 705 49
497 500 14
497 37 45
497 551 63
497 564 87
497 374 52
497 659 55
497 474 57
498 772 46
498 847 91
498 568 23
498 940 91
498 743 96
498 679 42
498 415 34
498 684 85
498 982 97
498 887 1
499 79 96
499 817 81
499 535 21
499 28 85
499 894 76
499 518 19
499 417 52
500 1 34
500 159 61
501 276 100
501 230 63
501 841 76
501 130 48
501 947 87
501 906 14
501 898 62
501 909 43
502 88 88
502 739 86
503 446 77
503 168 30
503 513 26
503 129 5
504 685 32
504 588 59
504 507 96
504 647 83
504 874 18
504 422 3
504 215 59
504 854 47
505 389 76
505 148 10
505 408 98
505 333 70
506 912 19
506 153 80
507 415 76
507 486 80
507 757 47
507 761 74
507 926 39
507 111 86
507 952 62
507 351 7
508 689 79
508 519 34
508 717 85
508 242 67
509 579 31
509 959 6
509 983 73
510 229 80
510 919 94
510 250 60
510 975 54
510 574 88
510 596 34
510 257 36
510 220 62
510 911 75
511 126 54
511 455 60
511 538 20
511 212 86
512 766 81
512 690 79
513 396 4
513 834 92
513 843 65
513 895 29
513 514 9
513 55 85
513 702 18
513 781 35
513 714 39
514 124 1
514 190 96
515 487 7
515 556 38
516 541 6
516 931 80
517 844 53
517 777 75
517 189 54
517 173 61
517 178 33
517 928 62
517 38 37
517 309 79
517 174 59
518 7 85
518 190 95
518 981 58
518 17 30
518 210 66
519 351 77
519 734 3
519 772 81
519 292 65
519 102 10
519 974 57
519 402 63
519 883 94
520 71 12
520 749 97
520 897 45
520 81 99
521 674 74
522 248 9
522 958 68
522 89 39
522 539 3
522 872 19
522 226 34
522 261 84
523 394 67
523 558 98
523 935 99
523 278 72
523 138 94
523 856 40
523 325 55
523 454 86
523 855 35
524 969 35
525 49 8
525 251 35
525 936 55
526 857 84
526 79 3
526 294 75
527 272 74
527 667 40
527 390 52
527 170 74
527 473 79
527 362 44
527 445 63
527 466 88
527 520 64
527 503 8
528 229 84
528 974 49
528 161 66
528 200 37
528 908 96
528 280 49
529 110 44
529 166 31
529 470 49
529 679 31
529 337 79
529 996 78
529 536 71
529 472 54
530 799 33
530 431 22
530 708 30
530 909 49
530 911 41
530 451 4
530 118 3
531 243 86
531 603 1
531 359 76
531 639 40
531 591 46
531 679 93
531 898 7
532 611 90
532 370 78
532 283 30
532 44 70
532 12 67
532 612 68
532 740 48
532 538 70
532 485 97
532 123 78
533 647 45
533 650 85
533 9 17
533 167 68
533 891 41
533 550 92
533 885 28
533 998 77
534 210 66
534 605 77
534 344 88
534 394 62
534 883 70
534 825 60
535 651 87
535 543 8
535 733 95
535 646 44
536 651 22
536 964 18
536 315 39
536 316 20
536 871 48
536 832 57
536 150 69
536 442 59
537 72 52
538 459 61
538 22 53
538 722 5
538 626 18
538 914 67
538 433 4
538 60 3
539 1000 85
539 832 31
539 1 10
539 617 85
539 19 27
539 391 18
539 100 37
540 790 95
540 703 72
540 586 95
540 739 98
541 400 16
541 509 27
541 155 65
542 972 16
542 485 8
542 719 35
542 621 97
542 190 49
542 854 28
542 390 98
542 952 92
542 663 91
542 927 23
543 609 7
543 508 23
543 106 56
543 787 64
544 229 39
544 810 5
544 842 24
544 110 73
544 309 20
544 612 93
544 207 100
544 677 23
545 367 15
546 447 51
546 951 23
546 789 31
546 733 27
547 210 36
547 529 31
548 41 7
548 376 33
548 462 69
548 373 49
548 987 13
548 326 90
549 605 18
549 182 39
550 858 32
550 324 100
550 778 99
550 554 83
550 56 59
550 162 47
550 353 54
550 954 100
550 463 82
550 976 79
551 539 30
551 570 35
551 911 53
551 962 67
551 36 19
552 962 34
552 34 10
552 278 3
552 745 96
552 704 76
552 689 78
552 940 10
552 191 64
552 551 50
552 883 32
553 427 10
553 53 72
553 592 76
553 419 90
553 126 71
553 663 75
553 634 78
554 613 94
554 29 53
554 58 84
554 641 14
554 560 92
554 150 12
555 799 3
556 197 59
556 311 70
557 177 50
557 419 50
557 579 75
557 458 40
557 531 8
557 941 93
557 487 10
558 976 98
558 412 97
558 922 69
559 909 76
559 775 33
559 470 33
559 944 100
559 813 99
559 166 11
560 759 24
560 354 15
560 577 85
560 384 32
561 469 10
561 136 25
561 700 31
561 23 70
561 532 4
561 376 62
561 343 37
562 476 93
562 435 86
562 532 8
562 137 52
562 413 33
562 654 49
562 92 57
562 416 87
562 364 91
563 183 67
564 511 81
564 388 92
564 611 38
564 954 83
564 952 98
564 42 31
565 45 59
565 68 87
565 953 98
565 274 90
566 656 26
566 193 23
566 592 1
566 181 41
566 660 26
566 724 69
566 417 59
566 58 73
566 321 4
566 74 94
567 869 55
567 662 17
567 423 69
567 417 5
567 475 69
567 51 60
567 41 30
568 303 52
568 701 86
568 766 89
568 902 47
569 566 56
569 591 33
570 945 21
570 261 54
570 889 57
570 459 75
570 475 5
570 924 73
571 949 23
572 492 1
572 421 21
572 767 61
572 862 33
573 738 49
573 880 99
573 468 44
573 618 83
573 380 35
573 759 41
574 972 11
574 256 95
574 801 25
574 942 26
575 409 24
575 506 27
575 668 22
575 324 48
575 944 62
575 925 51
575 519 92
575 815 63
575 878 3
575 524 18
576 657 71
576 354 27
577 111 51
577 333 28
578 171 15
578 937 13
578 817 73
578 166 44
578 223 67
578 599 84
578 533 84
578 394 48
578 646 24
579 353 31
579 514 96
579 316 78
579 791 62
579 375 27
579 216 27
579 188 83
580 413 70
580 69 91
580 911 85
580 894 44
580 669 29
580 926 66
580 81 45
580 442 71
581 204 90
582 705 75
583 937 74
583 163 13
583 112 100
583 834 94
583 761 48
583 249 38
583 75 3
584 163 98
584 957 6
584 992 57
584 815 35
584 38 34
584 270 74
584 619 58
584 327 4
584 845 87
585 52 58
585 968 27
585 768 24
585 286 86
585 558 88
585 176 14
586 552 41
586 204 39
586 664 94
586 831 56
586 162 14
586 427 88
586 718 34
586 49 84
587 213 73
587 43 82
587 289 21
587 772 89
587 616 70
587 890 78
587 601 16
587 131 4
587 224 37
587 868 21
588 424 97
588 717 25
588 186 18
588 952 21
588 634 56
588 579 12
589 682 29
589 185 61
589 465 22
589 676 41
589 346 24
589 926 12
589 429 83
589 97 1
589 96 72
589 137 33
590 837 1
590 630 28
590 978 52
590 994 59
590 127 93
590 770 37
590 467 96
590 328 47
591 180 45
591 616 48
591 433 83
591 585 30
591 209 24
591 970 95
591 935 18
591 309 99
592 218 6
592 572 80
592 83 43
592 13 66
593 282 83
593 577 10
593 949 87
593 812 32
593 671 5
593 47 37
593 355 83
593 775 30
594 256 57
594 17 83
594 440 19
594 897 12
594 862 11
594 981 11
594 639 28
594 673 86
595 810 38
595 457 95
595 862 40
595 880 7
595 580 34
595 542 55
595 120 66
595 496 26
595 998 15
596 274 12
596 91 30
596 137 16
596 583 85
597 281 100
598 932 34
598 326 93
598 42 22
598 701 88
598 87 15
598 744 97
599 381 60
599 420 52
599 451 25
599 608 19
599 751 87
599 129 93
599 507 95
600 117 52
600 901 80
600 776 88
600 669 20
600 170 75
600 598 27
600 710 71
600 831 21
600 97 53
600 555 86
601 774 45
601 641 19
601 35 61
601 461 89
601 556 9
601 496 92
602 371 7
602 826 33
602 442 99
602 324 13
602 578 36
602 781 81
603 630 49
603 492 97
603 233 56
604 493 86
604 741 21
604 215 17
604 155 86
604 124 94
604 330 99
604 1 36
604 355 16
604 188 78
605 822 86
605 35 5
605 195 12
605 790 93
605 842 87
605 399 90
605 164 5
605 514 98
605 61 18
606 338 98
607 199 85
607 243 66
607 799 94
607 186 35
607 700 5
607 529 10
608 698 12
608 651 61
608 431 42
609 601 54
609 407 19
609 150 82
610 85 7
610 764 15
610 255 64
611 31 71
611 567 15
611 742 9
611 821 41
611 188 57
611 606 58
611 910 82
611 683 1
611 50 13
612 88 16
612 744 82
613 351 93
613 370 63
613 416 28
613 310 13
613 97 1
614 439 53
614 387 22
614 764 79
614 12 33
614 974 98
615 710 63
615 301 16
615 992 5
615 525 23
616 199 65
616 868 13
616 317 20
616 584 15
616 72 6
617 595 75
617 465 22
618 899 97
618 97 68
619 320 75
619 735 67
619 800 47
619 687 28
619 823 84
619 255 81
619 708 75
619 607 84
620 967 97
620 998 95
620 865 63
620 781 25
620 702 78
620 447 68
620 738 77
621 629 47
621 394 89
621 166 94
621 64 20
621 422 97
621 683 52
621 630 75
621 667 33
621 277 42
622 768 70
622 301 18
622 47 11
622 941 16
622 68 31
622 966 96
622 656 88
622 315 66
622 819 14
622 859 71
623 536 98
623 642 90
623 378 52
623 827 30
623 74 92
623 710 80
623 730 44
623 384 73
623 537 33
624 456 92
624 282 84
624 877 54
624 644 68
624 820 74
624 716 57
624 683 67
625 528 12
625 467 62
625 461 74
625 510 44
626 151 52
626 769 79
626 877 31
626 140 92
626 726 47
626 851 51
626 501 29
626 745 8
626 484 80
627 353 28
627 686 6
627 718 19
628 560 26
629 679 74
630 103 56
630 765 5
630 231 52
630 590 6
631 523 42
631 165 10
631 550 9
632 35 88
632 454 95
632 379 99
632 950 41
632 849 19
632 811 94
632 450 67
632 995 68
633 445 40
633 440 38
634 404 47
634 502 19
634 976 84
634 935 80
634 416 93
634 709 48
634 647 18
634 11 78
635 595 68
635 948 68
636 236 15
636 755 40
637 571 68
637 518 85
637 141 71
638 10 72
638 245 7
638 114 11
638 671 87
638 360 78
638 489 94
638 815 97
638 549 21
638 390 81
638 57 33
639 92 30
639 533 26
639 177 73
639 374 88
639 951 56
640 812 99
641 38 99
642 946 4
642 860 36
642 809 53
642 95 63
642 14 98
642 483 9
642 448 43
642 866 62
643 640 61
643 384 16
643 766 53
643 797 63
643 548 15
643 116 81
643 887 49
643 293 9
643 699 29
644 411 27
644 387 28
644 559 33
644 161 70
644 332 43
645 144 73
646 434 11
646 851 14
646 8 93
646 620 29
646 891 74
646 571 48
647 804 12
647 146 68
647 521 59
648 284 15
649 476 58
649 306 18
649 153 89
649 497 24
649 100 56
649 786 92
650 625 41
650 314 9
650 283 43
650 641 32
650 989 80
650 21 67
650 574 32
651 349 68
651 451 73
651 214 41
651 984 66
652 6 89
652 240 85
652 779 13
652 82 38
652 668 11
652 274 15
652 800 22
652 222 25
652 328 75
652 737 15
653 396 26
653 415 62
653 74 67
653 712 3
653 320 3
653 632 6
653 604 44
653 490 62
653 372 9
653 853 24
654 364 25
654 14 13
654 374 81
655 152 74
656 634 20
656 492 8
656 128 85
656 953 62
657 848 59
657 995 84
657 50 50
657 67 75
657 51 44
657 686 56
657 212 80
657 426 19
657 298 7
657 515 30
658 192 17
658 492 45
658 6 14
658 520 55
659 850 48
659 428 17
659 671 28
659 62 74
659 459 74
659 353 82
659 263 87
659 860 79
660 63 1
660 122 73
661 463 4
661 309 20
661 989 3
661 333 78
661 887 54
661 858 100
661 343 21
661 456 57
661 228 88
662 230 34
662 359 90
663 530 52
664 129 20
664 78 10
664 638 82
664 82 31
664 836 28
664 116 73
664 58 82
664 309 18
664 190 25
664 308 97
665 522 1
665 650 54
665 9 96
665 662 49
665 848 37
665 661 91
666 528 96
666 763 1
666 703 65
666 962 75
666 766 52
666 832 34
666 347 5
666 948 22
666 441 1
667 854 70
667 481 44
667 892 89
668 813 4
668 502 2
669 680 2
669 745 45
669 903 45
669 703 59
669 105 16
669 448 11
670 792 68
670 524 61
670 117 44
670 259 6
670 321 37
670 504 61
670 287 83
670 328 59
670 856 88
671 642 44
671 722 23
671 227 41
671 240 32
671 280 54
671 301 14
671 582 24
671 193 4
671 391 65
672 355 93
672 111 1
673 980 2
674 552 64
674 289 95
674 528 50
674 657 98
674 798 33
675 130 91
675 435 84
676 938 63
676 70 41
676 367 11
676 515 99
676 356 78
677 955 12
677 532 5
677 640 5
678 141 10
678 635 50
678 491 48
678 724 15
679 973 30
679 361 66
679 1000 82
679 933 67
680 909 12
680 334 35
680 736 52
680 902 82
680 631 14
680 49 79
680 266 82
680 64 34
681 178 36
682 502 9
682 433 39
682 257 65
682 11 64
682 325 58
682 57 64
682 168 15
682 795 52
683 488 86
683 219 87
683 526 75
684 779 94
684 930 91
684 669 2
684 412 24
684 917 80
685 634 35
685 956 31
686 817 90
686 417 98
686 42 98
686 53 63
686 354 67
686 556 45
686 575 94
687 665 11
687 696 47
687 961 25
687 385 64
688 123 59
688 676 92
688 430 22
688 216 23
688 720 27
689 347 64
689 340 12
689 349 92
689 458 44
689 836 1
689 25 82
689 950 40
689 893 33
689 81 56
690 359 16
690 2 18
690 316 24
690 706 24
690 748 67
691 365 33
691 296 30
692 909 100
692 573 80
692 445 6
692 71 18
692 473 60
692 681 53
693 155 5
693 172 89
693 845 27
693 423 97
694 411 7
694 390 56
694 727 48
694 436 63
694 909 44
694 632 30
694 525 1
694 933 84
695 568 96
695 493 20
696 841 39
696 598 29
696 912 13
696 546 10
696 334 83
696 981 26
696 872 53
696 491 63
696 207 38
696 478 97
697 192 17
697 662 48
698 879 57
699 708 87
699 96 65
699 218 26
700 877 100
700 31 96
700 979 52
700 890 81
701 857 56
701 569 63
701 501 44
701 46 25
701 109 22
701 742 92
701 395 26
702 724 59
702 93 25
702 118 33
702 615 52
702 276 71
703 760 83
704 374 97
704 44 100
704 871 49
704 808 15
704 772 13
704 960 55
704 349 26
704 550 72
705 117 54
705 907 40
705 388 34
705 872 6
705 391 54
705 22 29
705 176 90
706 414 50
706 648 10
706 674 60
706 939 37
706 579 55
706 642 64
707 706 18
707 140 21
707 883 21
707 392 81
707 517 41
707 157 14
707 730 85
707 869 71
708 571 29
708 279 7
708 290 70
708 859 98
708 820 21
708 833 23
708 932 50
708 315 25
708 666 75
708 434 73
709 944 57
709 647 61
709 14 56
709 80 48
709 8 81
709 504 10
709 165 18
709 624 66
709 829 34
710 314 2
710 176 29
711 113 26
711 703 88
711 336 50
711 635 69
711 491 80
711 573 22
711 604 62
711 746 39
711 814 48
711 163 79
712 617 92
712 956 12
712 889 86
712 483 21
712 260 34
712 777 63
712 245 54
712 982 61
713 866 78
713 314 95
713 754 65
713 916 87
714 525 8
714 769 48
714 684 18
714 150 76
714 221 68
714 194 99
715 504 71
715 769 37
715 965 37
715 671 33
715 317 10
715 56 73
716 147 49
716 926 17
716 576 53
717 734 44
717 362 19
717 384 29
717 360 58
717 985 16
717 590 44
717 103 43
718 772 21
718 243 5
719 574 90
719 128 22
719 226 44
720 505 51
721 113 42
721 604 66
721 355 76
721 296 77
721 737 99
722 472 53
722 19 16
722 435 58
722 918 74
722 680 80
723 317 14
723 955 16
724 610 99
724 972 89
724 525 82
724 479 94
724 167 9
724 727 15
724 574 28
724 45 38
725 14 76
725 475 26
725 144 35
725 557 57
725 687 22
726 668 18
726 380 88
726 609 45
726 454 10
726 699 81
727 211 73
728 276 74
728 315 9
728 882 40
728 328 25
728 919 87
728 396 61
728 902 24
728 852 24
728 661 47
729 883 67
729 927 70
729 557 83
729 275 18
730 763 5
730 105 35
730 178 33
730 554 36
730 988 64
730 375 59
730 198 64
730 864 46
731 412 80
731 134 69
731 281 65
732 501 31
732 802 88
732 733 9
732 986 48
733 898 99
733 24 10
733 406 76
733 41 1
734 315 40
735 251 37
735 181 41
735 238 93
735 927 60
736 681 4
736 251 14
736 873 15
736 491 37
736 714 89
736 666 78
736 765 9
736 234 67
737 421 29
737 893 42
737 473 78
737 90 96
738 535 9
738 418 40
738 756 2
738 486 29
738 439 56
738 523 53
738 514 33
738 557 42
739 652 45
739 205 79
739 824 100
739 289 78
740 219 52
740 411 80
740 893 2
740 529 25
740 306 5
740 404 59
740 298 90
740 163 83
741 993 85
741 112 38
741 48 75
741 432 20
741 897 60
741 561 87
742 353 51
743 350 50
743 879 96
744 38 49
744 526 94
744 169 63
744 467 23
744 448 71
745 276 32
745 802 33
745 566 92
745 362 78
745 78 81
745 546 84
745 540 22
745 163 87
746 203 6
746 197 71
746 2 46
746 993 58
746 760 81
746 962 66
746 319 53
747 42 61
747 473 54
747 402 50
747 564 49
747 364 16
747 837 55
747 219 23
747 247 15
747 659 47
748 466 61
749 733 83
749 573 91
749 181 72
749 618 5
749 7 88
749 813 5
750 721 30
750 644 13
750 122 96
750 301 12
750 589 63
751 362 59
751 785 19
751 94 52
751 473 49
751 812 37
751 126 33
751 481 8
751 221 80
751 400 16
752 326 19
752 442 49
752 198 4
752 503 70
752 18 89
752 925 90
752 156 94
752 308 6
753 284 72
753 127 87
753 649 98
753 820 41
753 169 57
753 267 22
754 26 92
754 620 18
754 797 16
754 12 16
754 384 60
754 735 10
754 722 25
754 393 97
754 282 49
754 479 1
755 40 54
755 759 51
755 749 57
755 916 70
755 92 64
755 448 60
755 862 35
755 497 69
755 396 90
755 325 71
756 18 43
756 279 47
756 282 23
756 639 83
757 798 2
758 608 37
758 141 91
758 712 64
758 832 73
758 861 10
758 430 66
759 828 88
759 471 6
759 18 84
759 838 71
759 624 81
760 765 6
761 485 65
762 562 24
762 233 93
762 677 89
762 951 83
762 494 98
762 64 86
762 560 84
762 749 52
762 752 48
762 141 18
763 907 93
763 655 1
763 622 94
763 34 20
763 410 100
763 606 27
763 88 28
763 96 22
763 746 19
763 583 3
764 472 95
764 311 67
764 430 68
764 896 12
765 948 81
765 608 91
765 512 8
765 248 11
765 322 79
765 229 12
766 781 86
766 936 11
766 602 18
766 412 86
767 318 76
767 847 46
767 980 87
767 420 83
767 258 87
767 414 87
767 666 99
767 900 90
768 949 74
768 55 42
768 807 54
768 779 15
768 636 5
768 894 91
768 317 72
768 180 58
769 267 85
769 30 99
769 734 76
769 831 78
770 941 94
770 334 17
770 405 27
770 469 40
770 886 13
771 459 8
771 340 30
771 967 91
771 627 14
771 911 99
771 979 35
771 664 8
771 480 85
771 384 28
772 573 75
772 399 6
772 473 34
772 718 38
772 935 63
772 610 61
772 506 20
772 258 52
773 989 12
773 65 46
773 634 100
773 590 58
773 878 88
773 33 41
774 752 83
774 879 24
774 892 67
774 502 18
774 726 21
774 708 88
774 911 7
774 409 43
775 83 44
775 504 66
775 590 74
776 528 96
776 846 5
777 783 25
777 297 63
777 895 86
777 934 81
777 374 74
778 36 1
778 439 39
778 4 47
778 77 49
778 947 76
778 594 35
778 3 13
779 34 17
779 735 53
779 299 95
779 296 70
779 842 70
779 734 92
779 24 23
779 730 98
780 829 95
780 251 28
780 616 12
780 668 4
780 679 15
780 585 95
780 122 60
780 57 56
780 773 3
781 961 2
781 463 60
782 40 63
782 431 26
782 480 4
783 15 31
783 400 74
783 501 21
783 960 71
783 535 81
783 919 87
784 316 87
784 347 19
784 137 60
784 292 47
784 389 23
784 453 83
785 567 6
785 546 67
785 17 60
785 40 98
785 291 64
786 531 8
786 593 62
787 926 55
787 172 49
787 261 26
787 302 34
788 567 35
789 988 37
789 517 31
790 388 91
790 349 95
790 912 26
790 229 40
791 759 95
791 944 56
791 757 22
791 658 82
791 556 36
791 709 75
791 238 95
791 691 21
791 331 24
792 199 38
792 38 31
793 953 48
793 96 51
793 698 16
793 365 45
794 937 57
794 191 95
794 515 34
794 477 85
794 907 54
794 514 92
794 400 96
794 722 75
794 102 15
794 894 81
795 717 93
795 294 28
795 630 87
795 729 31
795 415 20
796 229 27
796 183 21
796 252 80
796 562 52
797 852 79
797 941 21
797 471 35
798 831 23
798 81 28
798 998 44
798 932 89
798 571 73
799 939 40
799 269 14
799 651 58
800 44 55
801 319 59
801 148 62
801 378 89
801 663 13
801 78 78
801 61 88
801 374 58
801 103 69
801 963 16
801 158 76
802 186 83
802 258 45
802 576 75
802 353 98
802 967 36
802 724 29
803 414 93
803 469 28
803 821 84
803 163 69
803 982 59
803 58 13
803 331 95
803 696 61
803 397 31
803 673 84
804 428 45
804 395 59
805 116 81
805 193 17
805 992 89
805 912 72
806 830 60
806 64 18
806 292 94
806 589 5
806 360 22
806 91 83
806 771 63
806 57 75
806 864 50
806 646 61
807 72 77
807 847 80
807 350 54
807 650 3
807 546 49
807 470 88
807 545 66
807 703 50
807 975 98
808 753 23
808 416 59
808 968 63
808 855 12
808 522 47
808 627 71
808 885 56
808 700 6
808 682 37
808 579 73
809 733 63
809 110 61
809 752 95
810 789 28
810 230 54
811 487 11
811 444 28
811 380 75
811 409 29
811 402 41
811 278 72
811 186 46
811 341 80
811 521 16
811 463 76
812 581 9
813 210 23
813 287 6
814 84 90
814 305 5
814 620 87
814 697 11
814 295 97
815 332 8
815 841 57
815 500 37
815 737 46
815 90 20
815 676 11
816 687 13
816 543 52
816 8 59
816 976 65
816 804 16
816 552 48
816 649 6
816 823 75
816 805 95
817 661 74
817 570 67
817 680 13
817 464 29
817 455 59
817 467 67
817 133 76
817 919 58
817 171 6
818 905 80
818 756 82
818 172 56
818 138 50
818 304 24
818 920 52
818 309 100
818 734 78
818 133 38
818 256 98
819 478 91
819 923 42
819 943 96
820 305 88
820 471 8
820 161 48
821 721 22
821 628 15
822 597 22
822 754 73
822 180 72
822 128 17
823 374 77
823 314 11
823 460 53
823 657 55
823 956 24
824 740 56
824 700 54
824 112 6
824 990 88
824 309 9
825 176 56
825 185 30
825 963 3
825 721 63
825 745 91
825 402 94
826 959 9
826 14 34
826 661 19
826 891 88
826 618 80
827 663 56
827 539 5
827 475 35
828 772 14
828 887 38
828 283 79
829 809 77
829 539 87
829 825 81
829 304 14
829 840 54
829 161 28
829 867 84
829 36 26
829 911 36
830 74 1
830 646 83
830 453 60
831 747 49
831 742 28
831 358 86
831 327 87
831 101 30
831 830 32
831 734 44
832 439 87
832 428 65
832 489 96
833 476 60
833 964 33
834 988 9
834 651 33
834 947 4
834 683 70
835 207 85
835 319 25
835 405 88
835 976 39
835 224 72
835 415 41
835 502 86
835 541 58
836 512 39
837 686 86
837 109 16
837 477 20
837 433 6
837 435 100
837 73 96
837 370 45
837 135 14
837 117 4
837 466 15
838 245 83
838 771 99
838 341 18
838 377 21
838 476 93
838 650 47
838 230 80
838 978 24
838 379 20
839 254 55
839 405 84
839 440 71
840 991 80
840 550 44
840 329 2
840 247 67
840 892 100
840 232 26
840 419 62
840 531 76
840 497 30
841 206 31
841 813 45
841 938 56
842 415 10
842 98 23
842 34 50
842 115 37
843 453 28
843 979 72
843 254 38
844 171 23
844 293 76
844 997 37
844 76 71
844 910 20
844 789 18
845 507 5
845 345 98
845 957 95
845 260 43
845 358 89
846 351 8
846 562 42
847 137 74
847 265 46
847 276 11
847 116 84
847 643 8
847 360 6
847 752 60
847 178 1
847 705 64
847 307 52
848 538 33
848 459 99
848 596 77
848 296 2
848 428 14
848 816 20
848 299 36
849 461 39
849 341 10
849 370 77
849 490 66
849 385 11
849 1 8
849 654 69
849 752 40
850 316 12
850 249 47
850 694 26
850 508 20
850 64 62
850 551 21
850 578 71
850 166 77
851 995 100
851 115 81
851 923 86
851 818 66
851 140 16
851 512 5
851 191 18
852 71 47
853 725 58
853 47 44
853 339 74
853 575 3
853 920 12
853 94 41
853 90 11
853 247 20
854 377 96
854 85 35
854 512 76
854 978 74
854 865 3
854 107 35
855 801 39
855 64 100
855 507 59
856 84 50
856 90 12
857 893 81
857 321 2
857 820 82
857 356 59
857 69 10
857 213 37
857 556 81
858 914 99
858 950 18
858 228 32
858 327 52
858 971 88
858 859 44
858 483 53
858 689 36
858 536 19
858 830 38
859 975 92
859 767 82
859 795 4
859 528 18
859 596 56
859 324 40
859 373 96
859 552 95
859 800 84
859 574 64
860 659 58
860 642 81
860 246 26
860 737 51
860 121 38
860 858 8
861 245 77
861 167 73
862 282 27
862 742 28
862 760 41
862 587 47
862 898 68
863 325 42
863 940 60
863 461 78
864 418 54
864 144 22
864 686 16
864 644 91
864 493 76
865 230 73
865 580 44
865 676 3
865 165 94
865 530 16
866 530 7
866 871 80
866 337 16
866 344 62
866 226 91
866 598 97
866 768 11
866 653 78
866 603 53
866 696 39
867 852 93
867 850 37
867 783 85
867 878 55
867 231 60
868 71 7
868 213 59
868 800 68
868 450 72
868 700 82
868 756 60
869 312 81
869 653 60
869 264 61
869 565 20
869 959 35
869 62 44
870 421 16
870 191 56
870 225 56
870 190 44
870 280 24
871 233 30
871 801 5
871 833 10
871 275 78
871 307 49
871 323 41
871 161 38
871 667 100
871 73 80
871 757 36
872 725 84
873 607 68
873 169 5
873 48 31
873 86 79
873 639 42
873 807 94
873 259 21
873 196 62
874 74 96
874 579 20
875 832 52
875 331 47
875 353 65
875 248 85
875 906 30
875 75 83
875 381 100
875 766 1
875 575 96
876 545 21
876 198 7
876 267 61
876 972 61
876 17 49
876 966 62
877 855 64
877 216 21
877 252 63
878 321 82
878 756 79
879 994 66
880 534 98
880 992 14
880 13 88
880 622 89
880 62 99
880 283 84
881 205 40
881 524 1
881 863 12
882 333 62
882 875 4
882 809 83
882 122 57
882 448 73
882 630 68
882 119 88
882 923 8
883 408 32
883 140 53
883 810 42
883 693 19
883 333 73
884 422 23
884 40 14
884 30 88
885 600 6
885 871 16
885 607 5
885 809 1
885 359 79
885 805 13
885 981 60
885 971 50
885 330 73
886 226 98
887 319 66
887 758 41
888 220 59
888 86 24
888 608 18
888 808 41
888 848 76
888 614 88
888 508 61
888 236 98
888 68 81
889 757 43
890 875 30
890 627 3
890 905 78
890 383 35
890 661 59
890 397 37
890 590 35
890 233 28
891 895 54
891 690 16
891 148 57
892 305 27
893 234 47
893 848 61
893 659 23
893 121 84
893 220 4
893 918 62
893 775 10
893 823 33
894 442 65
894 303 79
894 200 22
895 348 3
895 885 100
895 87 27
895 120 73
895 882 87
895 170 75
895 850 49
895 715 54
896 632 31
896 25 33
896 794 38
897 403 55
898 227 92
898 831 23
898 426 9
898 152 20
898 997 63
898 86 50
898 978 72
898 63 60
898 962 22
898 169 53
899 340 74
899 338 72
899 791 6
899 819 92
899 633 21
899 383 18
899 853 55
900 204 65
900 724 65
900 499 85
900 252 64
900 497 49
900 861 61
900 302 59
901 55 46
902 857 50
902 448 86
902 338 59
902 206 43
902 848 16
903 210 29
903 353 59
903 280 3
903 690 93
903 104 52
903 434 98
903 208 90
904 425 73
904 885 2
904 902 6
905 166 24
905 455 43
905 475 33
905 995 62
906 60 59
906 563 96
906 425 34
906 243 80
906 485 3
906 98 49
906 460 22
906 165 89
906 437 69
906 423 91
907 79 61
907 980 22
907 683 75
907 753 40
907 681 43
907 239 81
907 726 25
907 757 38
907 447 29
908 425 49
908 906 84
908 391 97
909 113 76
909 833 68
909 388 23
909 362 49
909 934 32
909 629 39
909 820 66
909 788 2
909 506 55
910 452 64
910 672 78
910 624 82
910 749 17
911 251 42
911 400 80
911 587 52
911 866 46
911 961 95
911 2 39
911 887 92
911 319 49
911 620 94
912 225 89
912 697 56
912 113 68
912 374 22
912 614 67
912 465 93
912 362 28
912 219 47
912 282 59
912 711 85
913 39 47
913 703 8
913 329 69
913 226 86
913 544 59
913 644 95
913 424 38
913 79 28
914 798 53
914 221 1
914 833 34
914 264 10
914 597 63
915 84 60
915 714 82
915 929 10
915 270 19
915 5 14
915 635 9
915 537 15
916 357 23
916 47 57
916 32 41
916 20 67
916 48 29
916 803 53
916 295 80
916 886 18
916 859 85
917 164 100
917 746 38
917 527 72
917 862 55
917 851 56
917 191 49
917 182 12
918 284 51
918 410 2
918 864 84
918 800 100
918 572 42
918 621 58
918 464 31
919 701 92
919 836 20
919 213 24
919 932 96
919 50 53
919 414 41
919 489 58
919 631 80
919 81 13
919 161 3
920 163 98
920 231 25
920 543 49
920 354 18
921 539 70
921 723 86
921 149 81
921 577 89
921 763 76
921 698 18
922 780 96
922 472 48
922 566 37
922 483 26
923 231 73
923 984 54
923 13 52
924 170 73
924 136 71
924 24 29
924 926 43
924 503 60
924 143 6
925 719 82
926 977 81
926 876 9
926 827 89
927 663 98
927 325 48
927 956 89
927 569 15
927 855 58
927 339 42
927 799 2
927 92 11
927 793 9
927 254 98
928 864 54
928 337 34
928 613 1
928 648 72
929 41 93
929 860 67
929 26 23
929 236 67
929 28 49
929 165 37
930 255 34
931 846 86
931 550 22
931 721 27
931 191 54
931 579 96
931 126 95
931 901 93
932 709 71
932 890 47
932 164 80
932 409 82
932 260 84
932 799 46
932 750 33
932 148 100
933 693 35
933 366 70
933 164 93
933 275 73
934 384 60
934 170 54
934 642 72
934 179 4
934 255 96
934 186 99
934 507 26
934 429 18
935 451 22
935 341 66
935 873 66
935 953 66
935 296 53
935 745 100
935 807 78
936 557 19
936 970 69
936 41 18
936 368 53
936 219 74
936 156 89
936 918 14
936 73 49
937 164 98
937 339 46
937 747 43
937 128 18
938 601 49
938 916 67
938 810 48
938 850 27
938 815 96
939 666 67
939 307 60
939 386 91
939 291 98
939 986 86
940 828 53
940 782 65
940 809 41
940 177 59
940 322 22
940 822 91
940 406 14
940 556 29
940 677 45
940 550 4
941 356 3
942 368 98
942 876 22
942 512 40
942 754 31
942 535 1
942 644 15
942 57 41
942 262 47
942 269 96
942 556 46
943 169 56
943 840 78
943 644 20
944 990 17
945 905 68
945 986 72
945 296 15
945 790 4
945 971 100
945 503 8
945 10 12
945 30 23
945 105 100
945 152 62
946 440 71
946 990 28
946 667 32
946 906 47
946 561 4
946 277 87
946 494 21
946 558 70
947 285 5
947 83 54
948 816 38
948 292 80
949 908 20
949 909 72
949 411 40
949 975 70
949 867 24
949 409 52
949 957 92
949 72 23
949 960 72
949 339 96
950 309 32
950 698 1
950 512 51
950 91 20
951 859 29
951 359 29
951 234 77
951 362 72
951 417 8
951 669 94
951 696 83
952 424 1
952 578 98
952 200 71
952 488 43
952 315 5
952 480 61
952 579 21
952 907 50
952 239 38
952 111 96
953 982 4
953 563 46
953 281 38
953 352 60
953 717 44
954 984 8
955 59 15
955 385 95
955 365 34
955 424 28
955 457 20
955 416 51
955 874 11
955 261 74
955 850 98
956 764 64
956 70 100
956 388 47
956 325 77
956 666 78
956 934 43
956 271 29
956 947 30
956 301 24
956 709 46
957 992 49
957 759 8
957 241 52
957 81 14
957 381 70
957 124 95
957 840 89
958 402 70
958 850 86
958 92 47
958 893 57
958 504 61
958 927 67
958 886 89
958 995 94
959 188 44
959 457 8
959 756 14
959 553 26
959 68 43
959 993 27
960 768 74
961 849 8
961 674 94
961 33 70
961 282 19
961 235 65
961 170 44
961 292 52
961 575 41
961 777 18
962 715 41
962 427 67
962 652 14
962 683 48
962 802 9
962 605 57
962 543 9
963 615 53
963 678 96
963 655 54
963 246 92
963 285 62
964 598 7
964 617 35
964 340 20
964 266 68
965 563 39
965 17 77
965 959 39
966 781 4
966 995 50
966 579 4
966 375 30
966 44 38
966 772 42
967 700 28
967 957 75
967 742 24
967 765 63
967 704 100
967 609 10
967 449 57
967 833 95
967 239 81
968 79 54
968 577 13
968 851 45
968 91 75
968 145 79
968 370 13
969 749 94
969 456 31
969 479 60
969 228 22
969 303 21
969 533 84
969 243 68
970 640 15
971 774 20
971 611 7
971 968 41
972 395 50
972 952 62
973 569 34
973 364 71
973 6 75
973 720 53
973 282 11
973 452 87
973 137 53
973 639 71
974 572 72
974 189 9
974 714 33
975 83 54
975 845 3
975 2 97
975 45 11
975 545 68
975 226 81
975 294 66
975 116 63
975 481 62
975 970 8
976 242 66
976 889 81
976 798 86
976 246 83
976 685 44
976 11 84
976 845 32
976 659 78
976 82 42
976 904 77
977 152 95
977 263 42
977 235 50
977 996 6
977 616 60
977 697 6
977 51 32
977 978 18
977 46 39
977 276 53
978 660 62
978 544 78
978 754 73
978 945 19
979 537 67
979 645 3
979 451 89
979 78 10
980 883 47
980 28 36
980 25 90
980 251 15
980 894 63
980 53 29
980 633 9
980 136 95
980 371 51
980 514 37
981 544 22
982 294 30
982 115 62
982 673 93
982 14 23
982 434 5
982 536 6
983 625 53
984 932 23
984 104 31
985 464 99
985 622 44
985 657 91
985 308 38
985 718 60
986 853 83
986 993 34
986 426 1
986 872 89
986 331 1
986 158 51
986 82 96
986 410 81
987 510 26
987 642 14
987 765 90
987 349 34
988 845 51
988 533 63
989 163 92
989 316 32
989 702 25
989 106 91
989 891 14
989 446 52
989 902 16
990 208 58
990 435 86
990 799 94
990 594 30
990 141 3
990 927 89
990 321 44
990 288 41
991 230 21
991 467 72
991 93 80
991 262 62
991 258 74
991 97 49
991 985 79
991 544 46
991 113 87
992 102 90
992 601 81
992 148 53
992 315 85
992 747 18
992 336 54
993 973 41
994 655 10
994 140 22
994 514 7
994 205 57
994 506 37
994 222 93
994 950 43
994 237 31
995 357 62
995 399 11
995 733 19
995 63 10
995 998 27
995 559 33
996 555 52
996 850 41
997 988 22
997 746 45
997 756 92
997 324 100
998 91 10
998 809 49
998 602 22
998 320 35
998 512 13
998 524 96
998 575 30
998 72 80
998 341 32
998 847 64
999 230 100
999 417 35
999 550 55
999 242 64
999 41 23
999 424 63
1000 146 19
1000 247 63
