100
1 4 92
1 7 78
1 8 35
1 16 62
1 20 4
1 36 42
1 43 33
1 45 60
1 50 48
1 58 85
1 59 39
1 64 2
1 93 48
1 94 39
2 4 8
2 8 70
2 19 74
2 20 36
2 23 88
2 37 21
2 72 41
2 77 37
2 91 19
2 96 63
2 97 21
3 15 65
3 22 75
3 25 17
3 27 76
3 40 37
3 61 44
3 63 5
3 67 97
3 70 48
3 82 59
3 84 12
3 87 58
3 88 23
3 92 33
3 99 44
4 16 87
4 18 34
4 22 74
4 23 36
4 34 52
4 47 27
4 72 91
4 81 15
4 89 31
4 90 1
4 93 43
5 8 40
5 11 37
5 20 33
5 24 32
5 29 13
5 32 70
5 39 90
5 47 100
5 57 35
5 63 74
5 78 90
5 84 74
5 100 46
6 8 61
6 9 72
6 17 79
6 24 56
6 29 37
6 37 35
6 53 1
6 56 73
6 67 82
6 72 25
6 78 38
6 80 12
6 85 76
6 86 54
6 91 78
6 94 55
6 100 21
7 8 54
7 15 14
7 19 85
7 23 52
7 33 49
7 35 97
7 42 93
7 46 50
7 48 29
7 61 93
7 62 55
7 63 99
7 66 47
7 74 30
7 86 90
7 96 11
8 15 14
8 20 59
8 22 85
8 39 95
8 40 11
8 42 2
8 46 82
8 53 92
8 54 46
8 58 74
8 63 92
8 64 45
8 76 58
8 80 63
8 89 14
8 93 96
8 94 50
9 29 10
9 42 20
9 51 59
9 53 7
9 63 6
9 76 98
9 83 11
9 92 56
9 98 70
9 99 18
10 27 57
10 32 31
10 34 55
10 35 73
10 51 98
10 55 35
10 61 83
10 62 48
10 69 50
10 80 28
10 86 63
10 90 79
10 91 30
10 93 74
11 18 48
11 32 22
11 43 56
11 56 32
11 62 88
11 78 18
11 99 74
12 17 49
12 20 91
12 35 55
12 50 69
12 54 23
12 58 77
12 61 8
12 65 10
12 70 35
13 16 55
13 18 72
13 29 10
13 35 2
13 38 76
13 43 63
13 49 79
13 50 83
13 55 52
13 56 96
13 58 23
13 61 26
13 73 18
13 75 23
13 80 16
14 17 58
14 20 62
14 21 12
14 22 6
14 23 36
14 26 44
14 29 28
14 43 80
14 44 13
14 47 29
14 54 32
14 60 42
14 70 63
14 78 16
14 86 63
14 89 72
15 18 43
15 21 84
15 28 44
15 32 57
15 35 91
15 41 92
15 46 67
15 48 87
15 50 21
15 51 69
15 65 42
15 70 54
15 74 36
15 97 76
15 98 23
16 18 13
16 21 2
16 22 46
16 36 37
16 38 12
16 39 46
16 40 17
16 41 74
16 73 77
16 74 51
16 90 16
16 93 6
16 98 33
17 34 19
17 46 92
17 55 60
17 63 88
17 66 86
17 67 29
17 74 91
17 75 52
17 83 33
17 85 8
17 88 1
17 89 72
18 22 10
18 28 54
18 29 22
18 30 42
18 32 62
18 38 60
18 41 41
18 44 2
18 52 31
18 68 25
18 71 33
18 72 24
18 83 80
18 84 23
18 86 94
18 96 96
19 31 60
19 35 96
19 36 64
19 40 46
19 41 70
19 45 78
19 48 70
19 53 67
19 57 53
19 59 29
19 65 9
19 67 11
19 70 1
20 21 74
20 31 88
20 34 56
20 35 29
20 53 19
20 66 52
20 73 19
20 90 2
20 92 71
20 97 20
20 98 55
21 35 38
21 54 71
21 58 92
21 67 17
21 76 11
21 81 57
21 88 17
21 90 43
21 91 58
22 27 90
22 36 56
22 42 1
22 59 92
22 62 41
22 63 17
22 70 89
22 80 18
23 26 38
23 30 40
23 33 60
23 40 50
23 53 31
23 69 44
23 73 77
23 76 76
23 80 17
23 86 97
23 98 39
24 28 68
24 33 95
24 35 69
24 41 76
24 45 21
24 46 68
24 58 29
24 61 84
24 66 64
24 71 24
24 72 69
24 74 4
24 88 91
24 89 95
24 92 18
24 94 31
24 99 88
25 27 93
25 29 69
25 45 73
25 50 13
25 51 61
25 62 92
25 67 4
25 75 8
25 87 22
25 88 10
25 91 15
25 96 53
26 29 16
26 40 89
26 41 12
26 48 35
26 49 41
26 54 20
26 55 25
26 61 28
26 68 63
26 73 75
26 75 85
26 79 41
26 83 81
27 28 60
27 30 17
27 36 36
27 47 10
27 57 79
27 62 41
27 68 49
27 70 54
27 71 51
27 73 65
27 77 38
27 78 59
27 80 7
27 91 63
27 95 43
28 37 2
28 43 53
28 50 94
28 65 15
28 76 57
28 80 1
28 81 82
28 82 13
29 31 64
29 34 89
29 54 57
29 57 39
29 67 45
29 74 18
29 78 21
29 82 77
29 84 34
29 85 9
30 42 16
30 46 100
30 68 3
30 74 37
30 77 16
30 84 92
30 91 38
30 93 52
31 45 70
31 51 8
31 52 60
31 54 59
31 55 57
31 59 90
31 64 15
31 70 58
31 74 29
31 79 32
31 82 45
31 91 49
32 39 11
32 42 98
32 51 65
32 63 62
32 65 9
32 71 47
32 86 51
32 92 54
32 96 62
33 41 41
33 54 74
33 56 66
33 60 83
33 62 12
33 64 28
33 65 5
33 68 40
33 81 46
33 89 100
33 92 4
34 44 65
34 45 64
34 59 76
34 69 92
34 71 87
34 77 60
34 81 22
34 87 67
34 90 33
35 38 22
35 41 5
35 45 58
35 49 18
35 58 48
35 68 96
35 78 85
35 81 27
35 85 45
35 89 60
35 97 70
36 38 79
36 41 95
36 46 15
36 51 68
36 54 63
36 56 42
36 73 78
36 89 41
37 56 8
37 65 99
37 71 6
37 97 51
38 42 68
38 52 89
38 66 84
38 71 15
38 76 99
38 80 79
38 89 43
38 94 77
38 98 8
38 100 79
39 44 16
39 56 81
39 61 4
39 62 88
39 69 26
39 84 63
39 91 4
39 98 17
40 52 9
40 59 51
40 69 94
40 73 52
40 78 41
40 81 4
40 97 83
40 100 91
41 46 13
41 53 4
41 54 8
41 67 50
41 82 10
41 90 43
42 46 16
42 70 16
42 71 37
42 72 97
42 73 79
42 78 28
42 82 32
42 88 11
42 90 72
42 91 29
43 47 46
43 52 82
43 57 32
43 60 57
43 73 29
43 80 3
43 83 33
43 87 72
44 52 58
44 53 35
44 66 32
44 76 88
44 79 65
44 93 53
44 94 27
44 96 17
44 97 76
45 48 96
45 53 77
45 56 26
45 59 36
45 84 28
45 85 66
45 88 50
45 91 39
46 48 72
46 63 82
46 72 62
46 73 39
46 77 63
46 85 54
46 96 63
46 98 52
46 99 2
47 59 100
47 66 34
47 67 29
47 75 37
47 76 14
47 84 55
47 89 25
47 97 31
47 99 61
48 64 70
48 88 74
48 95 57
49 62 72
49 63 29
49 67 70
49 71 26
49 75 73
49 76 35
49 77 67
49 86 97
49 94 39
50 55 97
50 57 61
50 62 28
50 64 100
50 94 57
50 96 80
51 52 52
51 62 71
51 83 63
51 91 29
51 97 92
52 53 51
52 54 64
52 55 97
52 65 22
52 77 94
52 79 73
52 83 84
52 86 2
52 88 11
52 89 12
52 97 47
52 99 78
53 59 51
53 65 54
53 71 93
53 72 4
53 78 97
53 90 30
53 91 36
54 55 82
54 65 30
54 69 73
54 73 7
54 99 77
54 100 88
55 63 98
55 70 13
55 72 43
55 75 15
55 79 10
55 83 43
55 90 18
55 93 17
56 74 40
56 77 11
56 83 45
56 84 55
56 85 8
56 92 68
56 94 92
56 98 94
57 62 61
57 63 51
57 64 28
58 59 14
58 64 65
58 69 3
58 77 100
58 78 65
58 88 18
58 91 17
58 92 57
58 99 52
59 64 63
59 65 17
59 66 38
59 79 43
59 84 32
59 91 71
60 62 14
60 68 3
60 70 83
60 71 68
60 79 7
60 80 14
60 95 51
61 67 16
61 68 20
61 72 15
61 80 86
61 96 88
61 97 17
61 99 45
62 82 83
62 89 39
62 98 71
62 100 66
63 73 83
63 77 86
63 81 31
63 85 30
64 74 87
64 86 27
64 96 2
64 99 11
64 100 46
65 73 5
65 74 76
65 76 57
65 79 32
65 94 94
65 95 81
66 70 39
66 71 95
66 92 99
67 70 97
67 73 77
67 76 75
67 98 95
68 77 87
68 86 17
68 92 38
69 72 49
69 77 51
69 78 20
69 81 92
69 83 53
69 99 39
70 72 62
70 89 8
70 100 56
71 87 35
71 97 75
71 98 40
72 75 8
72 79 79
72 82 35
72 83 99
72 97 71
72 98 73
72 100 17
73 83 5
73 86 65
73 88 35
73 92 90
74 82 77
75 77 12
75 93 36
76 79 18
76 90 75
76 93 10
77 85 84
78 86 83
78 88 87
78 96 100
79 85 9
79 86 42
79 92 57
80 83 18
80 87 20
80 89 24
81 88 61
81 89 95
81 100 71
82 85 73
82 86 14
82 88 52
83 85 90
83 96 23
83 97 66
84 85 91
84 86 50
84 95 27
85 92 15
86 89 80
86 97 3
87 93 32
87 95 76
87 96 20
91 99 27
91 100 38
92 96 60
94 96 6
94 99 67
99 100 82
